variant	sample	allele	key	value
Insertion::5:6,424,978-6,425,012;len=1	HG002_hs37d5_2x250	ref	count	2
Insertion::5:6,424,978-6,425,012;len=1	HG002_hs37d5_2x250	amb	count	185
Insertion::5:6,424,978-6,425,012;len=1	HG002_hs37d5_2x250	alt	count	38
Insertion::5:6,424,978-6,425,012;len=1	HG002_hs37d5_2x250	ref	reason_alignmentScore	2
Insertion::5:6,424,978-6,425,012;len=1	HG002_hs37d5_2x250	amb	reason_flanking	124
Insertion::5:6,424,978-6,425,012;len=1	HG002_hs37d5_2x250	amb	reason_alignmentScore_alignmentScore	49
Insertion::5:6,424,978-6,425,012;len=1	HG002_hs37d5_2x250	amb	reason_multimapping	3
Insertion::5:6,424,978-6,425,012;len=1	HG002_hs37d5_2x250	amb	reason_orientation_orientation	7
Insertion::5:6,424,978-6,425,012;len=1	HG002_hs37d5_2x250	amb	reason_same_scores	2
Insertion::5:6,424,978-6,425,012;len=1	HG002_hs37d5_2x250	alt	reason_alignmentScore	38
Insertion::5:6,424,978-6,425,012;len=1	HG002_hs37d5_2x250	ref	alnScore_mean	990.0
Insertion::5:6,424,978-6,425,012;len=1	HG002_hs37d5_2x250	ref	alnScore_std	0.0
Insertion::5:6,424,978-6,425,012;len=1	HG002_hs37d5_2x250	amb	alnScore_mean	901.07027027
Insertion::5:6,424,978-6,425,012;len=1	HG002_hs37d5_2x250	amb	alnScore_std	146.814353936
Insertion::5:6,424,978-6,425,012;len=1	HG002_hs37d5_2x250	alt	alnScore_mean	979.526315789
Insertion::5:6,424,978-6,425,012;len=1	HG002_hs37d5_2x250	alt	alnScore_std	10.7059669592
Insertion::5:6,424,978-6,425,012;len=1	HG002_hs37d5_2x250	ref	insertSize_mean	436.0
Insertion::5:6,424,978-6,425,012;len=1	HG002_hs37d5_2x250	ref	insertSize_std	35.0
Insertion::5:6,424,978-6,425,012;len=1	HG002_hs37d5_2x250	amb	insertSize_mean	380.789189189
Insertion::5:6,424,978-6,425,012;len=1	HG002_hs37d5_2x250	amb	insertSize_std	106.700459189
Insertion::5:6,424,978-6,425,012;len=1	HG002_hs37d5_2x250	alt	insertSize_mean	431.973684211
Insertion::5:6,424,978-6,425,012;len=1	HG002_hs37d5_2x250	alt	insertSize_std	90.3424732082
Insertion::5:6,424,978-6,425,012;len=1	HG003_hs37d5_2x250	amb	count	151
Insertion::5:6,424,978-6,425,012;len=1	HG003_hs37d5_2x250	alt	count	13
Insertion::5:6,424,978-6,425,012;len=1	HG003_hs37d5_2x250	ref	count	37
Insertion::5:6,424,978-6,425,012;len=1	HG003_hs37d5_2x250	amb	reason_orientation_orientation	12
Insertion::5:6,424,978-6,425,012;len=1	HG003_hs37d5_2x250	amb	reason_flanking	99
Insertion::5:6,424,978-6,425,012;len=1	HG003_hs37d5_2x250	amb	reason_multimapping	7
Insertion::5:6,424,978-6,425,012;len=1	HG003_hs37d5_2x250	amb	reason_alignmentScore_alignmentScore	33
Insertion::5:6,424,978-6,425,012;len=1	HG003_hs37d5_2x250	alt	reason_alignmentScore	13
Insertion::5:6,424,978-6,425,012;len=1	HG003_hs37d5_2x250	ref	reason_alignmentScore	37
Insertion::5:6,424,978-6,425,012;len=1	HG003_hs37d5_2x250	amb	alnScore_mean	893.529801325
Insertion::5:6,424,978-6,425,012;len=1	HG003_hs37d5_2x250	amb	alnScore_std	151.640731215
Insertion::5:6,424,978-6,425,012;len=1	HG003_hs37d5_2x250	alt	alnScore_mean	953.769230769
Insertion::5:6,424,978-6,425,012;len=1	HG003_hs37d5_2x250	alt	alnScore_std	23.4853599116
Insertion::5:6,424,978-6,425,012;len=1	HG003_hs37d5_2x250	ref	alnScore_mean	976.540540541
Insertion::5:6,424,978-6,425,012;len=1	HG003_hs37d5_2x250	ref	alnScore_std	19.2727150566
Insertion::5:6,424,978-6,425,012;len=1	HG003_hs37d5_2x250	amb	insertSize_mean	388.503311258
Insertion::5:6,424,978-6,425,012;len=1	HG003_hs37d5_2x250	amb	insertSize_std	128.038998311
Insertion::5:6,424,978-6,425,012;len=1	HG003_hs37d5_2x250	alt	insertSize_mean	385.076923077
Insertion::5:6,424,978-6,425,012;len=1	HG003_hs37d5_2x250	alt	insertSize_std	87.0653702584
Insertion::5:6,424,978-6,425,012;len=1	HG003_hs37d5_2x250	ref	insertSize_mean	442.054054054
Insertion::5:6,424,978-6,425,012;len=1	HG003_hs37d5_2x250	ref	insertSize_std	75.6060007435
Insertion::5:6,424,978-6,425,012;len=1	HG004_hs37d5_2x250	ref	count	28
Insertion::5:6,424,978-6,425,012;len=1	HG004_hs37d5_2x250	alt	count	22
Insertion::5:6,424,978-6,425,012;len=1	HG004_hs37d5_2x250	amb	count	193
Insertion::5:6,424,978-6,425,012;len=1	HG004_hs37d5_2x250	ref	reason_alignmentScore	28
Insertion::5:6,424,978-6,425,012;len=1	HG004_hs37d5_2x250	alt	reason_alignmentScore	22
Insertion::5:6,424,978-6,425,012;len=1	HG004_hs37d5_2x250	amb	reason_flanking	127
Insertion::5:6,424,978-6,425,012;len=1	HG004_hs37d5_2x250	amb	reason_alignmentScore_alignmentScore	51
Insertion::5:6,424,978-6,425,012;len=1	HG004_hs37d5_2x250	amb	reason_orientation_orientation	4
Insertion::5:6,424,978-6,425,012;len=1	HG004_hs37d5_2x250	amb	reason_multimapping	9
Insertion::5:6,424,978-6,425,012;len=1	HG004_hs37d5_2x250	amb	reason_same_scores	2
Insertion::5:6,424,978-6,425,012;len=1	HG004_hs37d5_2x250	ref	alnScore_mean	963.607142857
Insertion::5:6,424,978-6,425,012;len=1	HG004_hs37d5_2x250	ref	alnScore_std	35.1296977395
Insertion::5:6,424,978-6,425,012;len=1	HG004_hs37d5_2x250	alt	alnScore_mean	976.454545455
Insertion::5:6,424,978-6,425,012;len=1	HG004_hs37d5_2x250	alt	alnScore_std	13.0374539927
Insertion::5:6,424,978-6,425,012;len=1	HG004_hs37d5_2x250	amb	alnScore_mean	892.81865285
Insertion::5:6,424,978-6,425,012;len=1	HG004_hs37d5_2x250	amb	alnScore_std	157.563551663
Insertion::5:6,424,978-6,425,012;len=1	HG004_hs37d5_2x250	ref	insertSize_mean	427.0
Insertion::5:6,424,978-6,425,012;len=1	HG004_hs37d5_2x250	ref	insertSize_std	72.8854286829
Insertion::5:6,424,978-6,425,012;len=1	HG004_hs37d5_2x250	alt	insertSize_mean	415.863636364
Insertion::5:6,424,978-6,425,012;len=1	HG004_hs37d5_2x250	alt	insertSize_std	98.1905825213
Insertion::5:6,424,978-6,425,012;len=1	HG004_hs37d5_2x250	amb	insertSize_mean	400.632124352
Insertion::5:6,424,978-6,425,012;len=1	HG004_hs37d5_2x250	amb	insertSize_std	139.319643673